29
29
31
29
29
29
31
29
32
18
46
24
24
32
18
57
33
19
19
24
24
24
50
50
57
25
25
19
19
14
14
37
37
18
18
21
48
24
30
30
19
19
32
57
25
25
19
19
18
31
18
14
31
18
32
49
14
57
18
47
47
18
49
20
20
31
31
28
29
81
29
30
30
31
31
30
30
31
31
30
30
31
30
31
30
30
31
31
81
81
80
80
80
80
81
80
81
29
81
81
81
81
81
81
81
29
29
33
29
32
18
46
24
14
14
14
14
18
49
46
24
32
14
14
14
14
14
46
46
24
32
18
37
37
18
18
21
57
14
46
24
24
32
32
18
57
20
20
24
57
80
80
57
25
21
20
35
24
24
49
49
28
29
81
72
72
72
73
29
80
81
30
30
30
30
30
